,Location,Area_sqft,Road_Access,Electricity_Access,Water_Access,Distance_to_City_km,Nearby_Schools,Price_INR_Lakhs
0,Rural,2527.0,Street,0.0,0.0,32.12,8,105.3
1,Urban,3195.0,Street,1.0,1.0,3.22,3,82.48
2,Rural,1995.0,Highway,0.0,1.0,19.36,3,113.74
3,Rural,891.0,Street,0.0,1.0,31.67,5,137.41
4,Urban,4974.0,Street,0.0,0.0,25.65,2,89.85
6,Rural,2778.0,Street,0.0,1.0,33.28,6,114.78
7,Suburban,3599.0,Highway,1.0,1.0,8.98,9,59.79
9,Rural,3604.0,Street,0.0,1.0,32.48,2,34.73
10,Rural,2954.0,Main Road,0.0,1.0,2.3,6,41.46
12,Urban,1304.0,Street,0.0,0.0,47.07,1,35.05
13,Rural,9693.0,Highway,0.0,0.0,29.2,9,132.34
14,Suburban,3273.0,Highway,1.0,0.5333333333333333,20.02,3,114.76
15,Suburban,3146.9,Highway,0.0,0.5333333333333333,32.52,7,11.8
17,Suburban,4340.0,Street,1.0,1.0,27.74,6,41.1
18,Suburban,1528.0,Main Road,0.0,0.0,47.13,0,77.23
19,Suburban,1002.0,Main Road,1.0,1.0,19.92,2,74.05
20,Urban,4993.0,Street,0.0,1.0,48.1,8,125.55
21,Urban,1370.0,Street,1.0,1.0,45.36,0,49.63
22,Suburban,4988.0,Main Road,1.0,1.0,10.59,8,123.38
23,Suburban,2118.0,Highway,0.0,0.0,4.4,7,145.36
26,Urban,3290.0,Highway,1.0,0.0,5.63,4,90.54
27,Rural,1063.0,Main Road,1.0,0.0,34.47,5,74.61
28,Rural,3146.9,Highway,1.0,1.0,4.49,9,65.98
29,Rural,2257.0,Highway,0.0,1.0,16.63,4,118.78
30,Suburban,6534.0,Street,1.0,0.0,42.4,5,97.71
31,Rural,3742.0,Street,0.0,1.0,2.14,4,121.73
32,Suburban,1559.0,Highway,1.0,0.0,40.91,4,135.96
33,Suburban,2222.0,Highway,0.0,1.0,14.81,3,94.5
34,Rural,3814.0,Street,0.0,0.0,6.79,2,147.17
36,Rural,3125.0,Street,1.0,0.0,31.82,3,97.31
37,Rural,3229.0,Main Road,1.0,0.0,44.0,8,85.45
38,Urban,2097.0,Highway,0.0,0.0,37.02,1,91.0
39,Rural,3560.0,Street,1.0,1.0,40.37,8,110.33
40,Urban,3193.0,Highway,0.0,0.0,14.82,0,84.38
41,Rural,4127.0,Highway,0.0,0.0,9.69,0,70.38
42,Rural,1863.0,Main Road,0.0,1.0,37.78,4,137.02
43,Urban,2481.0,Highway,1.0,1.0,40.53,5,48.2
44,Suburban,2163.0,Main Road,1.0,0.0,49.53,5,80.92
45,Rural,2029.0,Highway,0.0,0.0,21.22,2,106.16
46,Suburban,2538.0,Street,0.0,1.0,19.23,6,120.49
48,Suburban,2737.0,Highway,0.0,1.0,17.7,9,127.1
49,Suburban,1806.0,Main Road,1.0,0.5333333333333333,46.61,7,116.49
50,Suburban,4529.0,Main Road,0.0,1.0,43.06,5,14.6
51,Urban,3175.0,Main Road,1.0,0.0,22.02,7,11.65
52,Suburban,1782.0,Main Road,0.0,1.0,37.79,4,95.02
53,Urban,3146.9,Main Road,1.0,0.0,37.97,7,55.37
54,Suburban,4913.0,Street,0.0,0.0,6.05,9,35.32
55,Rural,4248.0,Highway,1.0,0.0,45.23,3,89.05
56,Rural,1163.0,Highway,1.0,1.0,25.76,9,54.53
57,Suburban,2498.0,Highway,0.0,0.0,41.5,7,82.9
58,Rural,3945.0,Highway,0.0,0.0,16.68,9,358.6
59,Rural,12729.0,Main Road,1.0,1.0,44.88,1,89.79
60,Suburban,1995.0,Highway,0.0,0.0,20.07,4,63.04
61,Urban,3804.0,Street,1.0,0.0,1.53,8,106.16
62,Suburban,4263.0,Street,0.0,0.5333333333333333,45.36,3,31.11
63,Suburban,2353.0,Highway,1.0,0.0,5.47,5,105.99
64,Suburban,1791.0,Highway,1.0,0.0,16.65,0,64.69
65,Suburban,4081.0,Street,1.0,0.0,47.55,8,131.78
66,Suburban,3957.0,Street,1.0,0.5333333333333333,47.58,0,79.71
67,Suburban,3146.9,Main Road,1.0,1.0,29.1,4,146.1
68,Suburban,4196.0,Street,1.0,1.0,31.96,3,92.28
69,Urban,3499.0,Highway,0.0,0.0,22.97,2,37.46
70,Rural,3146.9,Main Road,0.0,0.0,15.37,5,124.16
71,Suburban,1198.0,Main Road,0.0,1.0,17.1,1,55.04
72,Suburban,2660.0,Main Road,1.0,0.0,33.95,2,55.4
73,Suburban,4597.0,Main Road,1.0,0.0,37.87,4,9.61
74,Suburban,1354.0,Highway,1.0,1.0,39.79,8,84.56
75,Suburban,3974.0,Street,1.0,1.0,39.69,1,82.49
77,Suburban,3277.0,Street,0.0,0.0,25.23,7,134.66
78,Rural,2233.0,Street,1.0,0.5333333333333333,3.82,1,23.67
79,Suburban,4010.0,Main Road,0.0,1.0,27.93,4,52.86
80,Rural,702.0,Highway,0.0,1.0,22.63,6,51.63
81,Urban,3755.0,Main Road,1.0,1.0,44.5,7,18.38
82,Suburban,4718.0,Highway,0.0,1.0,18.19,0,74.77
83,Urban,4996.0,Street,1.0,0.5333333333333333,6.74,5,104.73
84,Urban,1266.0,Highway,0.0,1.0,8.01,0,79.19
85,Suburban,4889.0,Highway,1.0,1.0,38.31,1,27.76
86,Suburban,2827.0,Highway,1.0,1.0,31.29,0,59.71
87,Urban,3431.0,Street,1.0,0.5333333333333333,5.96,4,5.38
88,Suburban,697.0,Street,1.0,1.0,5.12,9,130.9
90,Urban,4082.0,Highway,1.0,0.5333333333333333,4.57,5,91.61
91,Urban,1108.0,Main Road,1.0,1.0,41.27,0,148.01
92,Urban,3772.0,Highway,1.0,0.0,35.61,0,82.81
93,Rural,1647.0,Main Road,0.0,1.0,4.99,1,138.99
94,Urban,4782.0,Highway,1.0,0.5333333333333333,5.16,8,39.24
95,Urban,3897.0,Main Road,0.0,0.0,49.35,2,115.19
96,Urban,3011.0,Street,1.0,0.0,19.34,0,82.03
97,Suburban,3146.9,Highway,0.0,1.0,19.16,4,109.47
98,Urban,3477.0,Highway,0.0,1.0,40.83,6,70.19999999999999
99,Suburban,3146.9,Highway,1.0,1.0,47.42,5,26.42
